LISTA DE ITENS PARA EVENTOS E MPVS

6456, 6457, 6457, // +0
     6456, 6457, 6457, // +1
     6456, 6457, 6457, // +2
     6456, 6457, 6457, // +3
     6456, 6457, 6457, // +4
     6456, 6457, 6457, // +5
     6231, 6235, 6235, // +6
     6230, 6234, 6234, // +7
     6229, 6233, 6233, // +8
     6228, 6232, 6232, // +9
     6993, 6994, 6994, // +10
     6238, 6239, 6239, // +11
     6584, 6585, 6585, // +12
     6870, 6876, 6876, // +13
     6871, 6877, 6877, // +14
     6872, 6878, 6878; // +15
Bebida de Realgar (id: 682)


















































